00165 00071 00000 00000 00317 00403 00000 00000 00312 00362 00000 00000 00280 00186 00000 00000 00471 01375 00579 00064 00631 01156 00000 00074 00944 01291 00000 00120 01050 01240 00000 00170 00000 00241 00595 00584 00000 00065 00018 00255 00032 00112 00092 00131 00073 00102 00091 00175
00000 00000 00000 00000 01235 01326 00746 00000 00788 00788 00233 00230 00253 00000 00000 00077 01564 00461 00466 00000 00092 01081 00680 00000 01351 01738 00000 00000 01769 01359 00000 00000 00959 00732 01203 01310 00000 00050 00070 00210 00349 00507 00743 00555 00651 00784 01308 01123
00049 00000 00000 00000 00861 00609 00177 00000 01171 01072 00000 00081 00474 01267 00745 00000 01459 00863 00173 00000 00464 00856 00107 00000 00743 00880 00000 00000 01072 00555 00030 00000 00979 00777 01209 01121 00000 00532 00294 00245 00455 00000 00562 00710 01050 01635 00842 00454
00039 00000 00141 00000 00008 00000 00024 00000 00493 00000 00000 00000 01605 01820 01018 00123 01150 00482 01335 00818 01445 00525 01043 00000 00888 00564 00548 00000 00293 00838 00000 00090 00405 00458 00598 00346 00606 01166 01138 00290 00000 00468 00759 00379 00257 00228 00000 00000
00000 00000 00000 00000 00385 00000 01569 02132 01121 00923 00000 00642 01120 01622 00256 00000 01493 01185 00626 00726 01457 00652 00000 00000 00801 00164 00000 00000 00540 00654 00000 00073 00540 01385 01759 01642 00254 00542 00572 00000 00000 00214 01304 00930 01508 01247 00000 00331
00265 00116 00000 00341 00195 00030 00277 00553 00000 00000 00000 00000 00045 00000 00000 00000 01488 01631 00078 00000 01655 00781 00514 00329 01704 00000 00309 00000 01092 00000 00000 00000 00322 00464 00039 00201 00344 01004 01150 01159 00616 01020 01118 00947 00531 01180 00947 00073
00000 00000 00000 00000 01684 01804 00843 00000 00697 00814 00221 00000 00157 00224 00000 00072 01027 00887 00766 00000 00000 00923 00464 00000 00951 01585 00040 00000 01489 01514 00000 00120 01261 01215 01310 01180 00000 00000 00198 00306 00131 00243 00000 00027 00286 00304 00223 00000
00165 00000 00000 00000 01099 00718 00138 00799 00398 00000 00000 00597 00078 00724 00440 00000 01411 00930 00514 00354 01249 00659 00000 00000 01470 00196 00000 00000 01125 00464 00335 00000 00294 01189 02002 02128 00371 00536 00686 00174 00503 00086 00872 00901 00410 01408 01036 00572
00352 00430 00000 00000 00051 00108 00636 00294 00000 00000 00000 00000 01389 01170 00646 00089 01164 00970 00790 00094 01394 00263 00788 00000 00495 00629 00822 00000 00000 00761 00033 00018 00730 00846 00626 01033 00786 01157 01138 00321 00710 00653 00457 00246 00000 00090 00000 00000
00439 00274 00000 00000 00000 00000 00590 00801 00388 00000 00896 00941 00000 00287 00000 00000 01557 01244 00959 00399 01688 00293 00000 00399 00794 00000 00969 00756 00088 00347 00689 00000 00955 01264 01554 01814 00674 01034 00461 00135 00434 01002 01407 00800 01167 01458 00882 00214
00179 00220 00000 00000 00249 00325 00000 00000 00300 00386 00000 00000 00116 00000 00000 00070 00482 01283 00499 00019 00971 01478 00000 00128 01528 01440 00000 00156 01526 00621 00000 00144 00000 00047 00181 00409 00019 00155 00156 00155 00308 00277 00112 00081 00331 00314 00055 00095
00000 00000 00114 00000 01309 01361 01157 00000 00561 00671 00000 00074 00000 00000 00000 00000 01387 00000 00547 00000 00000 01320 00935 00000 01741 01577 00084 00162 01750 00723 00000 00189 00599 00061 00845 01277 00000 00236 00145 00020 00817 00926 01442 01436 00925 01032 01261 01261
00000 00000 00000 00000 01418 00970 00000 00052 01064 01695 01521 00000 00000 00633 00564 00000 01208 00430 00000 00071 00025 00430 00000 00000 00613 00534 00786 00000 00886 01086 00967 00000 00268 00914 01276 00965 00000 00000 00746 01183 00707 00658 00168 00972 01538 01951 01100 00000
00096 00000 00000 00000 00000 00000 00000 00000 00779 00444 00000 00000 01343 01253 00591 00358 01287 00711 01112 00545 01485 00680 01078 00000 00677 00563 00010 00000 01225 00658 00000 00050 00476 00459 00797 00640 00326 01040 01038 00687 00000 00579 00899 00434 00428 00208 00000 00000
00135 00499 00532 00405 00188 00000 00161 00662 00585 00916 00546 01436 00000 00160 00000 00000 01263 01252 00473 00687 01653 01125 00000 00098 01031 00000 00000 00000 00580 00486 00000 00149 00643 01210 01437 01360 00412 00926 00970 00595 00399 00345 00692 00585 01121 01357 00014 00251
00648 00426 00108 00522 00220 00000 00365 00710 00000 00087 00000 00000 00311 00000 00000 00000 01432 01285 00000 00070 01550 00000 01016 00728 00841 00485 00894 00345 00321 00016 00000 00000 00417 00429 00159 00038 00552 00932 01147 01240 01239 01324 01067 01277 00309 00937 00901 00000
