-00615 01221 -00263 -00097 00014 -00454 -00295 00477 00008 -00093
-00232 00759 01292 00859 -01351 -00517 -01302 00780 00647 -00313
-00122 -00046 00480 01517 -00813 00322 -01268 -00306 00918 00521
-00796 -00156 -00658 -00118 02032 00220 -00106 00237 00321 00623
00537 -01182 -00783 01100 -01587 02426 -00617 -00022 00767 00693
00895 -00236 00303 -00416 00091 00647 02382 -01590 00836 -00624
-00441 00508 00638 00819 -01558 -00803 -02404 02305 00244 00315
00523 -00421 00513 00763 -01843 00953 -00311 -00246 01590 -00417
-00004 -00814 -00227 -00347 00942 -00034 -00255 00613 00106 01324
02100 -01691 00109 00073 -00903 00876 00810 -00623 00781 00048
-00462 01161 00162 -00021 00035 -00519 00033 00236 00195 -00183
00152 00521 02188 01196 -01314 -00510 -00600 -00065 00711 -00691
00149 -00341 00285 01789 -00902 00774 -01291 -00179 00232 00338
-00759 00149 -00506 -00033 01639 00212 00041 00219 00170 00656
00616 -00588 -00301 00433 -01067 01590 00312 -00386 01064 -00411
00863 -00124 00649 -00665 00408 00363 02309 -01303 00254 -00564
