00000 00000 00000 00000 00000 00003 00117 00110 00000 00000 00000 00000
00000 00000 00000 00000 00000 00181 00327 00158 00000 00000 00000 00000
00000 00000 00000 00000 00000 00357 00473 00078 00000 00000 00000 00000
00000 00000 00000 00000 00000 00414 00476 00000 00000 00000 00000 00000
00000 00000 00000 00000 00014 00440 00485 00000 00000 00000 00000 00000
00000 00000 00000 00000 00056 00451 00456 00000 00000 00000 00000 00000
00000 00000 00000 00000 00153 00489 00406 00000 00000 00000 00000 00000
00000 00000 00000 00000 00236 00486 00302 00000 00000 00000 00000 00000
00000 00000 00000 00000 00333 00472 00195 00000 00000 00000 00000 00000
00000 00000 00000 00000 00368 00472 00020 00000 00000 00000 00000 00000
00000 00000 00000 00000 00369 00456 00000 00000 00000 00000 00000 00000
00000 00000 00000 00000 00188 00189 00000 00000 00000 00000 00000 00000
