00044 00044 00044 00044 00044 00068 00097 00070 00044 00044 00044 00044
00044 00044 00044 00044 00047 00114 00159 00067 00000 00044 00044 00044
00044 00044 00044 00044 00050 00151 00153 00000 00000 00044 00044 00044
00044 00044 00044 00044 00051 00136 00059 00000 00000 00044 00044 00044
00044 00044 00044 00044 00063 00114 00026 00000 00000 00044 00044 00044
00044 00044 00044 00044 00073 00127 00012 00000 00016 00044 00044 00044
00044 00044 00044 00044 00094 00130 00000 00000 00044 00044 00044 00044
00044 00044 00044 00044 00122 00138 00000 00000 00044 00044 00044 00044
00044 00044 00044 00044 00127 00108 00000 00000 00044 00044 00044 00044
00044 00044 00044 00044 00131 00078 00000 00000 00044 00044 00044 00044
00044 00044 00044 00044 00121 00045 00000 00000 00044 00044 00044 00044
00044 00044 00044 00044 00061 00000 00000 00030 00044 00044 00044 00044
