00025 00025 00025 00025 00025 00025 00025 00025 00025 00025 00025 00025
00025 00025 00025 00025 00025 00088 00124 00188 00196 00025 00025 00025
00025 00025 00025 00025 00034 00232 00533 00608 00430 00025 00025 00025
00025 00025 00025 00025 00040 00323 00604 00673 00430 00025 00025 00025
00025 00025 00025 00025 00040 00325 00576 00651 00358 00025 00025 00025
00025 00025 00025 00025 00078 00327 00561 00642 00343 00025 00025 00025
00025 00025 00025 00025 00102 00351 00563 00564 00208 00025 00025 00025
00025 00025 00025 00025 00165 00438 00629 00528 00163 00025 00025 00025
00025 00025 00025 00025 00217 00504 00629 00511 00124 00025 00025 00025
00025 00025 00025 00025 00266 00527 00629 00485 00056 00025 00025 00025
00025 00025 00025 00025 00310 00608 00695 00344 00029 00025 00025 00025
00025 00025 00025 00025 00239 00521 00622 00282 00025 00025 00025 00025
