00044 00044 00044 00044 00044 00044 00044 00044 00044 00044 00044 00044 00044 00044 00044 00044 00044 00044 00044 00044 00044 00044 00044 00044
00044 00044 00044 00044 00044 00044 00044 00044 00044 00044 00045 00068 00084 00097 00070 00028 00007 00013 00044 00044 00044 00044 00044 00044
00044 00044 00044 00044 00044 00044 00044 00044 00044 00044 00054 00081 00114 00116 00067 -00015 -00026 -00018 00044 00044 00044 00044 00044 00044
00044 00044 00044 00044 00044 00044 00044 00044 00044 00047 00074 00114 00159 00134 00039 -00059 -00056 -00045 00044 00044 00044 00044 00044 00044
00044 00044 00044 00044 00044 00044 00044 00044 00044 00048 00087 00142 00153 00100 -00055 -00159 -00125 -00086 00044 00044 00044 00044 00044 00044
00044 00044 00044 00044 00044 00044 00044 00044 00044 00050 00102 00151 00102 00001 -00199 -00274 -00192 -00103 00044 00044 00044 00044 00044 00044
00044 00044 00044 00044 00044 00044 00044 00044 00044 00051 00107 00136 00059 -00038 -00256 -00276 -00193 -00088 00044 00044 00044 00044 00044 00044
00044 00044 00044 00044 00044 00044 00044 00044 00044 00051 00103 00110 00030 -00074 -00290 -00269 -00193 -00074 00044 00044 00044 00044 00044 00044
00044 00044 00044 00044 00044 00044 00044 00044 00044 00050 00102 00107 00026 -00086 -00294 -00257 -00181 -00047 00044 00044 00044 00044 00044 00044
00044 00044 00044 00044 00044 00044 00044 00044 00044 00063 00108 00114 00023 -00110 -00287 -00242 -00164 -00015 00044 00044 00044 00044 00044 00044
00044 00044 00044 00044 00044 00044 00044 00044 00044 00065 00118 00109 00012 -00136 -00302 -00235 -00148 00000 00044 00044 00044 00044 00044 00044
00044 00044 00044 00044 00044 00044 00044 00044 00044 00073 00127 00102 00010 -00165 -00301 -00225 -00128 00016 00044 00044 00044 00044 00044 00044
00044 00044 00044 00044 00044 00044 00044 00044 00044 00088 00130 00093 -00009 -00209 -00285 -00208 -00100 00035 00044 00044 00044 00044 00044 00044
00044 00044 00044 00044 00044 00044 00044 00044 00051 00094 00128 00072 -00035 -00237 -00261 -00186 -00071 00044 00044 00044 00044 00044 00044 00044
00044 00044 00044 00044 00044 00044 00044 00044 00058 00109 00138 00065 -00059 -00240 -00250 -00171 -00046 00044 00044 00044 00044 00044 00044 00044
00044 00044 00044 00044 00044 00044 00044 00044 00064 00122 00131 00051 -00089 -00268 -00249 -00172 -00030 00044 00044 00044 00044 00044 00044 00044
00044 00044 00044 00044 00044 00044 00044 00044 00074 00127 00108 00027 -00135 -00295 -00243 -00172 -00016 00044 00044 00044 00044 00044 00044 00044
00044 00044 00044 00044 00044 00044 00044 00044 00083 00125 00092 00000 -00183 -00306 -00232 -00151 00005 00044 00044 00044 00044 00044 00044 00044
00044 00044 00044 00044 00044 00044 00044 00044 00088 00127 00078 -00018 -00219 -00299 -00214 -00109 00026 00044 00044 00044 00044 00044 00044 00044
00044 00044 00044 00044 00044 00044 00044 00044 00093 00131 00068 -00032 -00255 -00286 -00207 -00079 00035 00044 00044 00044 00044 00044 00044 00044
00044 00044 00044 00044 00044 00044 00044 00044 00089 00121 00045 -00059 -00276 -00268 -00190 -00043 00040 00044 00044 00044 00044 00044 00044 00044
00044 00044 00044 00044 00044 00044 00044 00044 00067 00069 -00013 -00103 -00254 -00199 -00127 00000 00044 00044 00044 00044 00044 00044 00044 00044
00044 00044 00044 00044 00044 00044 00044 00044 00061 00046 -00029 -00116 -00204 -00147 -00078 00022 00044 00044 00044 00044 00044 00044 00044 00044
00044 00044 00044 00044 00044 00044 00044 00044 00047 00014 -00050 -00117 -00158 -00109 -00044 00030 00044 00044 00044 00044 00044 00044 00044 00044
