-00030 -00030 -00030 -00030 -00030 -00030 -00030 -00030 -00030 -00030 -00030 -00030 -00030 -00030 -00030 -00030 -00030 -00030 -00030 -00030 -00030 -00030 -00030 -00030
-00030 -00030 -00030 -00030 -00030 -00030 -00030 -00030 -00030 -00030 -00029 00003 00065 00117 00110 00021 -00038 -00065 -00030 -00030 -00030 -00030 -00030 -00030
-00030 -00030 -00030 -00030 -00030 -00030 -00030 -00030 -00030 -00030 -00016 00070 00183 00251 00158 -00023 -00106 -00108 -00030 -00030 -00030 -00030 -00030 -00030
-00030 -00030 -00030 -00030 -00030 -00030 -00030 -00030 -00030 -00027 00029 00181 00308 00327 00104 -00115 -00183 -00157 -00030 -00030 -00030 -00030 -00030 -00030
-00030 -00030 -00030 -00030 -00030 -00030 -00030 -00030 -00030 -00021 00082 00269 00397 00380 00078 -00171 -00242 -00193 -00030 -00030 -00030 -00030 -00030 -00030
-00030 -00030 -00030 -00030 -00030 -00030 -00030 -00030 -00030 -00016 00132 00357 00473 00402 00000 -00221 -00270 -00181 -00030 -00030 -00030 -00030 -00030 -00030
-00030 -00030 -00030 -00030 -00030 -00030 -00030 -00030 -00030 -00011 00180 00400 00476 00357 -00055 -00234 -00261 -00160 -00030 -00030 -00030 -00030 -00030 -00030
-00030 -00030 -00030 -00030 -00030 -00030 -00030 -00030 -00030 -00005 00222 00414 00471 00328 -00073 -00228 -00250 -00136 -00030 -00030 -00030 -00030 -00030 -00030
-00030 -00030 -00030 -00030 -00030 -00030 -00030 -00030 -00030 -00003 00226 00415 00470 00302 -00104 -00243 -00247 -00110 -00030 -00030 -00030 -00030 -00030 -00030
-00030 -00030 -00030 -00030 -00030 -00030 -00030 -00030 -00030 00014 00256 00440 00485 00237 -00142 -00260 -00246 -00088 -00030 -00030 -00030 -00030 -00030 -00030
-00030 -00030 -00030 -00030 -00030 -00030 -00030 -00030 -00030 00034 00279 00451 00456 00164 -00184 -00276 -00218 -00065 -00030 -00030 -00030 -00030 -00030 -00030
-00030 -00030 -00030 -00030 -00030 -00030 -00030 -00030 -00030 00056 00291 00445 00424 00098 -00208 -00265 -00186 -00043 -00030 -00030 -00030 -00030 -00030 -00030
-00030 -00030 -00030 -00030 -00030 -00030 -00030 -00030 -00030 00089 00335 00470 00406 00030 -00217 -00255 -00155 -00032 -00030 -00030 -00030 -00030 -00030 -00030
-00030 -00030 -00030 -00030 -00030 -00030 -00030 -00030 -00020 00153 00382 00489 00370 -00024 -00224 -00244 -00136 -00030 -00030 -00030 -00030 -00030 -00030 -00030
-00030 -00030 -00030 -00030 -00030 -00030 -00030 -00030 00000 00201 00412 00486 00302 -00076 -00238 -00251 -00123 -00030 -00030 -00030 -00030 -00030 -00030 -00030
-00030 -00030 -00030 -00030 -00030 -00030 -00030 -00030 00020 00236 00430 00478 00249 -00120 -00253 -00250 -00103 -00030 -00030 -00030 -00030 -00030 -00030 -00030
-00030 -00030 -00030 -00030 -00030 -00030 -00030 -00030 00048 00290 00450 00472 00195 -00139 -00253 -00239 -00080 -00030 -00030 -00030 -00030 -00030 -00030 -00030
-00030 -00030 -00030 -00030 -00030 -00030 -00030 -00030 00089 00333 00470 00455 00118 -00183 -00273 -00218 -00055 -00030 -00030 -00030 -00030 -00030 -00030 -00030
-00030 -00030 -00030 -00030 -00030 -00030 -00030 -00030 00122 00354 00472 00409 00020 -00232 -00280 -00177 -00042 -00030 -00030 -00030 -00030 -00030 -00030 -00030
-00030 -00030 -00030 -00030 -00030 -00030 -00030 -00030 00142 00368 00470 00360 -00046 -00243 -00260 -00133 -00035 -00030 -00030 -00030 -00030 -00030 -00030 -00030
-00030 -00030 -00030 -00030 -00030 -00030 -00030 -00030 00155 00369 00456 00303 -00092 -00254 -00242 -00090 -00031 -00030 -00030 -00030 -00030 -00030 -00030 -00030
-00030 -00030 -00030 -00030 -00030 -00030 -00030 -00030 00132 00276 00303 00113 -00186 -00256 -00193 -00061 -00030 -00030 -00030 -00030 -00030 -00030 -00030 -00030
-00030 -00030 -00030 -00030 -00030 -00030 -00030 -00030 00090 00188 00189 00025 -00158 -00185 -00136 -00047 -00030 -00030 -00030 -00030 -00030 -00030 -00030 -00030
-00030 -00030 -00030 -00030 -00030 -00030 -00030 -00030 00048 00111 00121 00022 -00083 -00104 -00077 -00037 -00030 -00030 -00030 -00030 -00030 -00030 -00030 -00030
