00025 00025 00025 00025 00025 00025 00025 00025 00025 00025 00025 00025 00025 00025 00025 00025 00025 00025 00025 00025 00025 00025 00025 00025
00025 00025 00025 00025 00025 00025 00025 00025 00025 00025 00025 00020 00001 -00048 -00084 -00082 -00030 00006 00025 00025 00025 00025 00025 00025
00025 00025 00025 00025 00025 00025 00025 00025 00025 00025 00024 00041 00046 00004 -00053 -00056 -00001 00032 00025 00025 00025 00025 00025 00025
00025 00025 00025 00025 00025 00025 00025 00025 00025 00025 00031 00088 00113 00124 00128 00188 00196 00123 00025 00025 00025 00025 00025 00025
00025 00025 00025 00025 00025 00025 00025 00025 00025 00028 00071 00157 00217 00343 00451 00488 00387 00206 00025 00025 00025 00025 00025 00025
00025 00025 00025 00025 00025 00025 00025 00025 00025 00034 00121 00232 00345 00533 00608 00567 00430 00248 00025 00025 00025 00025 00025 00025
00025 00025 00025 00025 00025 00025 00025 00025 00025 00037 00153 00297 00438 00604 00663 00572 00430 00235 00025 00025 00025 00025 00025 00025
00025 00025 00025 00025 00025 00025 00025 00025 00025 00040 00169 00323 00461 00585 00673 00548 00383 00191 00025 00025 00025 00025 00025 00025
00025 00025 00025 00025 00025 00025 00025 00025 00025 00040 00171 00325 00462 00576 00651 00512 00342 00154 00025 00025 00025 00025 00025 00025
00025 00025 00025 00025 00025 00025 00025 00025 00025 00038 00161 00299 00444 00553 00638 00516 00358 00136 00025 00025 00025 00025 00025 00025
00025 00025 00025 00025 00025 00025 00025 00025 00025 00052 00180 00302 00445 00553 00642 00520 00343 00109 00025 00025 00025 00025 00025 00025
00025 00025 00025 00025 00025 00025 00025 00025 00025 00078 00200 00327 00477 00561 00613 00480 00278 00065 00025 00025 00025 00025 00025 00025
00025 00025 00025 00025 00025 00025 00025 00025 00025 00087 00220 00351 00486 00563 00564 00401 00208 00035 00025 00025 00025 00025 00025 00025
00025 00025 00025 00025 00025 00025 00025 00025 00024 00102 00232 00351 00462 00557 00512 00351 00172 00025 00025 00025 00025 00025 00025 00025
00025 00025 00025 00025 00025 00025 00025 00025 00031 00132 00243 00365 00503 00595 00521 00368 00163 00025 00025 00025 00025 00025 00025 00025
00025 00025 00025 00025 00025 00025 00025 00025 00052 00165 00286 00438 00575 00629 00528 00374 00158 00025 00025 00025 00025 00025 00025 00025
00025 00025 00025 00025 00025 00025 00025 00025 00068 00194 00326 00493 00593 00629 00511 00342 00124 00025 00025 00025 00025 00025 00025 00025
00025 00025 00025 00025 00025 00025 00025 00025 00083 00217 00341 00504 00612 00628 00492 00306 00084 00025 00025 00025 00025 00025 00025 00025
00025 00025 00025 00025 00025 00025 00025 00025 00106 00242 00358 00513 00627 00626 00485 00291 00056 00025 00025 00025 00025 00025 00025 00025
00025 00025 00025 00025 00025 00025 00025 00025 00125 00266 00393 00527 00629 00594 00435 00231 00040 00025 00025 00025 00025 00025 00025 00025
00025 00025 00025 00025 00025 00025 00025 00025 00136 00291 00436 00531 00626 00534 00344 00145 00029 00025 00025 00025 00025 00025 00025 00025
00025 00025 00025 00025 00025 00025 00025 00025 00138 00310 00503 00608 00695 00542 00323 00095 00025 00025 00025 00025 00025 00025 00025 00025
00025 00025 00025 00025 00025 00025 00025 00025 00103 00239 00411 00521 00622 00488 00282 00067 00025 00025 00025 00025 00025 00025 00025 00025
00025 00025 00025 00025 00025 00025 00025 00025 00059 00137 00252 00312 00353 00260 00157 00045 00025 00025 00025 00025 00025 00025 00025 00025
